nr 023bf040 64 3 79 287.467 287.467 0 4 
nr 15b98d80 64 3 7c 48.343 335.81 2 1 
nr 15b98dc0 64 3 7c 16.67 352.48 2 1 
nr 15b98e00 64 3 7a 46.676 399.156 1 1 
wr 01da5510 64 3 78 43.342 442.498 2 4 
nr 7dd7a540 64 3 7a 6.668 449.166 2 1 
nr 746f6600 64 3 7a 471.761 920.927 1 1 
nr 21a734d80 64 3 7c 61.679 982.606 2 1 
nr 21a734c80 64 3 7c 8.335 990.941 0 1 
nr 051776c0 64 3 7c 103.354 1094.295 1 1 
nr 7e966c80 64 3 7c 66.68 1160.975 0 1 
nr 7e966cc0 64 3 7c 5.001 1165.976 0 1 
nr 0e95fd80 64 3 7c 3.334 1169.31 2 1 
nw accf0500 64 3 7a 286.724 1456.034 2 1 
nw accf0540 64 3 7a 36.674 1492.708 2 1 
nw accf0580 64 3 7c 30.006 1522.714 2 1 
nr 21a734c40 64 3 7a 1.667 1524.381 0 1 
nw accf05c0 64 3 7c 26.672 1551.053 2 1 
nw accf0700 64 3 7a 41.675 1592.728 3 1 
nw accf0740 64 3 7a 30.006 1622.734 3 1 
nw accf0780 64 3 7c 28.339 1651.073 3 1 
nw accf07c0 64 3 7c 33.34 1684.413 3 1 
nr 09ab6b00 64 3 7a 415.083 2099.496 3 1 
nr 09ab6b40 64 3 7a 25.005 2124.501 3 1 
nr 7dd7a440 64 3 7a 11.669 2136.17 0 1 
nr 0883b5c0 64 3 7c 410.082 2546.252 2 1 
nr 04a5e600 64 3 7a 1.667 2547.919 1 1 
nr 0883b580 64 3 7c 1.667 2549.586 2 1 
nr 02708840 64 3 79 1.667 2551.253 0 4 
nr 7dc0ce40 64 3 7a 1.667 2552.92 1 1 
nr 02708800 64 3 79 1.667 2554.587 0 4 
nr 7dc0ce80 64 3 7c 1.667 2556.254 1 1 
nr 02708880 64 3 79 1.667 2557.921 0 4 
nr 7dc0ce00 64 3 7a 1.667 2559.588 1 1 
nr 0bdcf680 64 3 7c 135.027 2694.615 1 1 
nr 0bdcf6c0 64 3 7c 25.005 2719.62 1 1 
nw a8838880 64 3 79 268.387 2988.007 0 4 
nw c83cda00 64 3 7a 151.697 3139.704 1 1 
nw c83cda40 64 3 7a 16.67 3156.374 1 1 
nw c83cda80 64 3 7c 45.009 3201.383 1 1 
nw c83cdac0 64 3 7c 25.005 3226.388 1 1 
nw c83cd800 64 3 7a 30.006 3256.394 0 1 
nw c83cd840 64 3 7a 33.34 3289.734 0 1 
nw c83cd880 64 3 7c 36.674 3326.408 0 1 
nw c83cd8c0 64 3 7c 33.34 3359.748 0 1 
nr 0bdcf640 64 3 7a 323.398 3683.146 1 1 
nr 21a734d40 64 3 7a 508.435 4191.581 2 1 
nr 0bdcf700 64 3 7a 541.775 4733.356 3 1 
nr 0e95fdc0 64 3 7c 375.075 5108.431 2 1 
nr 7dd7dbc0 64 3 7c 86.684 5195.115 3 1 
nr 7dd7db80 64 3 7c 21.671 5216.786 3 1 
nr 06ccb540 64 3 7a 95.019 5311.805 2 1 
nr 7e7067c0 64 3 7c 205.041 5516.846 3 1 
nr 7e706680 64 3 7c 11.669 5528.515 1 1 
nr 7e706640 64 3 7a 1.667 5530.182 1 1 
nr 7e706700 64 3 7a 6.668 5536.85 3 1 
nr 160c63c0 64 3 7c 313.396 5850.246 3 1 
nw ccb32f00 64 3 7a 1.667 5851.913 3 1 
nr 160c6300 64 3 7a 15.003 5866.916 3 1 
nw ccb32f40 64 3 7a 18.337 5885.253 3 1 
nw ccb32f80 64 3 7c 38.341 5923.594 3 1 
nw ccb32d00 64 3 7a 28.339 5951.933 2 1 
nw ccb32d40 64 3 7a 33.34 5985.273 2 1 
nr 00415500 64 3 78 3.334 5988.607 2 4 
nr 00415540 64 3 78 3.334 5991.941 2 4 
nr 00415580 64 3 78 23.338 6015.279 2 4 
nw ccb32d80 64 3 7c 11.669 6026.948 2 1 
nw 062c5580 64 3 78 395.079 6422.027 2 4 
nr 7e966d00 64 3 7a 20.004 6442.031 2 1 
nr 7e966d40 64 3 7a 3.334 6445.365 2 1 
nr 80d88d80 64 3 78 285.057 6730.422 2 4 
wr 216ca5910 64 3 78 213.376 6943.798 2 4 
nr 216ca5940 64 3 78 8.335 6952.133 2 4 
nw 75618d80 64 3 78 133.36 7085.493 2 4 
nr 2177ff240 64 3 79 176.702 7262.195 1 4 
nr 0883b6c0 64 3 7c 133.36 7395.555 1 1 
nr 6a134780 64 3 7c 88.351 7483.906 3 1 
nr 7e966d80 64 3 7c 45.009 7528.915 2 1 
nr 7e966dc0 64 3 7c 5.001 7533.916 2 1 
nr 216cbefc0 64 3 78 65.013 7598.929 3 4 
nr 216cbf000 64 3 79 6.668 7605.597 0 4 
nr 216cbf040 64 3 79 10.002 7615.599 0 4 
nr 216cbf080 64 3 79 10.002 7625.601 0 4 
nw 3bccf240 64 3 79 11.669 7637.27 1 4 
nr 216cbf0c0 64 3 79 1.667 7638.937 0 4 
nr 216cbf100 64 3 78 6.668 7645.605 2 4 
nr 7dd85940 64 3 7a 138.361 7783.966 2 1 
nr 7dd85b00 64 3 7a 91.685 7875.651 3 1 
nr a8bb15c0 64 3 7c 153.364 8029.015 2 1 
nr a8baf600 64 3 7a 1.667 8030.682 1 1 
nr a8bb1580 64 3 7c 3.334 8034.016 2 1 
nw 3bccf0c0 64 3 79 20.004 8054.02 0 4 
nw 3bcdc2c0 64 3 79 275.055 8329.075 1 4 
nw 21fadc300 64 3 78 10.002 8339.077 3 4 
nr 7e966e00 64 3 7a 286.724 8625.801 1 1 
nr 7e966e40 64 3 7a 3.334 8629.135 1 1 
nr 7e966e80 64 3 7c 1143.562 9772.697 1 1 
nr 7e966ec0 64 3 7c 3.334 9776.031 1 1 
nw 3bc4e680 64 3 79 350.07 10126.101 1 4 
nw 3bcce140 64 3 78 98.353 10224.454 2 4 
nr 00272ac0 64 3 79 186.704 10411.158 1 4 
nw 3bce2900 64 3 78 1.667 10412.825 2 4 
nr 002da680 64 3 79 111.689 10524.514 1 4 
nr 002da6c0 64 3 79 10.002 10534.516 1 4 
nr 002da7c0 64 3 78 78.349 10612.865 3 4 
nr 004144c0 64 3 79 38.341 10651.206 0 4 
nr 00414500 64 3 78 8.335 10659.541 2 4 
nw 20fd2a700 64 3 78 21.671 10681.212 3 4 
nr 00414540 64 3 78 18.337 10699.549 2 4 
nr 00414580 64 3 78 3.334 10702.883 2 4 
nr 004145c0 64 3 78 8.335 10711.218 2 4 
nr 00414600 64 3 79 95.019 10806.237 1 4 
nr 7e966f00 64 3 7a 3.334 10809.571 3 1 
nr 00414640 64 3 79 25.005 10834.576 1 4 
nw 3bc44500 64 3 78 183.37 11017.946 2 4 
nw 3bc44540 64 3 78 23.338 11041.284 2 4 
nw 4e74a7c0 64 3 78 236.714 11277.998 3 4 
nr 7dd86e00 64 3 7a 6.668 11284.666 1 1 
nw 21f94bfc0 64 3 78 23.338 11308.004 3 4 
nw ccb20f00 64 3 7a 36.674 11344.678 3 1 
nw ccb20f40 64 3 7a 33.34 11378.018 3 1 
wr 211a4e4a0 64 3 79 8.335 11386.353 0 4 
nw ccb20f80 64 3 7c 38.341 11424.694 3 1 
nw ccb20d00 64 3 7a 20.004 11444.698 2 1 
nw ccb20d40 64 3 7a 33.34 11478.038 2 1 
nw ccb20d80 64 3 7c 41.675 11519.713 2 1 
nw ccb20dc0 64 3 7c 33.34 11553.053 2 1 
nr 7e966f40 64 3 7a 345.069 11898.122 3 1 
nr 7e966f80 64 3 7c 3.334 11901.456 3 1 
nr a8bb16c0 64 3 7c 33.34 11934.796 1 1 
wr 21fbb38a0 64 3 79 10.002 11944.798 0 4 
nw 21e9ad680 64 3 79 168.367 12113.165 1 4 
nw 1c1d3880 64 3 79 233.38 12346.545 0 4 
nw 3bcca900 64 3 78 101.687 12448.232 2 4 
nr 7e966fc0 64 3 7c 585.117 13033.349 3 1 
nr 7e967000 64 3 7a 1.667 13035.016 0 1 
nw 09642a80 64 3 7c 10.002 13045.018 1 1 
nr 7d1b9380 64 3 7c 98.353 13143.371 3 1 
nr 6a137580 64 3 7c 28.339 13171.71 2 1 
nr 7dc15080 64 3 7c 413.416 13585.126 0 1 
nr 746f65c0 64 3 7c 775.155 14360.281 2 1 
nr 04a32700 64 3 7a 471.761 14832.042 3 1 
nw 3bcc9300 64 3 78 485.097 15317.139 3 4 
nr 216cae4c0 64 3 79 30.006 15347.145 0 4 
nr 160c6b00 64 3 7a 426.752 15773.897 3 1 
nr 7dd770c0 64 3 7c 470.094 16243.991 0 1 
nr 7dd773c0 64 3 7c 16.67 16260.661 3 1 
nr 7dd77300 64 3 7a 33.34 16294.001 3 1 
nr 0883b500 64 3 7a 200.04 16494.041 2 1 
nr 7dd85880 64 3 7c 20.004 16514.045 0 1 
nr 7dd84800 64 3 7a 188.371 16702.416 0 1 
nr 7dd76240 64 3 7a 20.004 16722.42 1 1 
nr 7dd76280 64 3 7c 150.03 16872.45 1 1 
nr 216cb8800 64 3 79 440.088 17312.538 0 4 
wr 216cb6c70 64 3 79 3.334 17315.872 0 4 
nr 216cb8a80 64 3 79 366.74 17682.612 1 4 
nr 7e967040 64 3 7a 28.339 17710.951 0 1 
nw 491e6c40 64 3 79 18.337 17729.288 0 4 
nr 7dd77380 64 3 7c 301.727 18031.015 3 1 
wr 216ca8070 64 3 79 271.721 18302.736 0 4 
nr 216caec80 64 3 79 101.687 18404.423 0 4 
nr 216caecc0 64 3 79 3.334 18407.757 0 4 
nr 216caed00 64 3 78 21.671 18429.428 2 4 
wr 216ca54d0 64 3 79 11.669 18441.097 0 4 
nr 216ca5500 64 3 78 10.002 18451.099 2 4 
nr 216ca5540 64 3 78 8.335 18459.434 2 4 
nr 216ca5580 64 3 78 10.002 18469.436 2 4 
nr 216ca55c0 64 3 78 145.029 18614.465 2 4 
nr 216ca5600 64 3 79 75.015 18689.48 1 4 
nr 216ca5640 64 3 79 25.005 18714.485 1 4 
nr 216ca5680 64 3 79 43.342 18757.827 1 4 
nr a596e340 64 3 7a 503.434 19261.261 3 1 
nr 216ca56c0 64 3 79 33.34 19294.601 1 4 
nw ccb43000 64 3 7a 251.717 19546.318 0 1 
nw ccb43040 64 3 7a 16.67 19562.988 0 1 
nw ccb43080 64 3 7c 5.001 19567.989 0 1 
nw ccb430c0 64 3 7c 16.67 19584.659 0 1 
nw ccb43200 64 3 7a 20.004 19604.663 1 1 
nw ccb43240 64 3 7a 16.67 19621.333 1 1 
nw ccb43280 64 3 7c 13.336 19634.669 1 1 
nw ccb432c0 64 3 7c 16.67 19651.339 1 1 
nw ccb22500 64 3 7a 58.345 19709.684 2 1 
nw ccb22540 64 3 7a 28.339 19738.023 2 1 
nr 7dc13480 64 3 7c 35.007 19773.03 0 1 
nw ccb22580 64 3 7c 3.334 19776.364 2 1 
nw ccb225c0 64 3 7c 33.34 19809.704 2 1 
nw ccb22700 64 3 7a 33.34 19843.044 3 1 
nw ccb22740 64 3 7a 28.339 19871.383 3 1 
nw ccb22780 64 3 7c 41.675 19913.058 3 1 
nr 6a132a00 64 3 7a 6.668 19919.726 1 1 
nr a8bb3700 64 3 7a 655.131 20574.857 3 1 
nr 7dd77540 64 3 7a 365.073 20939.93 2 1 
wr 21fadbf20 64 3 78 658.465 21598.395 3 4 
nr 15858a80 64 3 7c 46.676 21645.071 1 1 
nr 7ab06200 64 3 7a 250.05 21895.121 1 1 
nr 7ab062c0 64 3 7c 3.334 21898.455 1 1 
nr a8bb1500 64 3 7a 83.35 21981.805 2 1 
nw d29bbf00 64 3 78 1.667 21983.472 3 4 
nw 3bc9f1c0 64 3 78 133.36 22116.832 2 4 
nr 7ab05bc0 64 3 7c 6.668 22123.5 3 1 
nw 739bf080 64 3 79 11.669 22135.169 0 4 
nw c83cdf00 64 3 7a 516.77 22651.939 3 1 
nw c83cdf40 64 3 7a 28.339 22680.278 3 1 
nw c83cdf80 64 3 7c 50.01 22730.288 3 1 
nw c83cdfc0 64 3 7c 21.671 22751.959 3 1 
nw c83cdd00 64 3 7a 28.339 22780.298 2 1 
nw c83cdd40 64 3 7a 33.34 22813.638 2 1 
nw c83cdd80 64 3 7c 41.675 22855.313 2 1 
nw c83cddc0 64 3 7c 33.34 22888.653 2 1 
nr 216ca65c0 64 3 78 216.71 23105.363 2 4 
nr 216ca6600 64 3 79 10.002 23115.365 1 4 
nr 216ca6640 64 3 79 3.334 23118.699 1 4 
nr 216ca6680 64 3 79 3.334 23122.033 1 4 
nr 216ca66c0 64 3 79 11.669 23133.702 1 4 
nr 216ca6700 64 3 78 10.002 23143.704 3 4 
nr 216ca6740 64 3 78 8.335 23152.039 3 4 
nr 216ca6780 64 3 78 238.381 23390.42 3 4 
nr 73977000 64 3 79 55.011 23445.431 0 4 
nr 216ca67c0 64 3 78 3.334 23448.765 3 4 
nr 216ca6800 64 3 79 6.668 23455.433 0 4 
nr 216ca6840 64 3 79 10.002 23465.435 0 4 
nw ccb55a00 64 3 7a 56.678 23522.113 1 1 
nw ccb55a40 64 3 7a 16.67 23538.783 1 1 
nr 216ca6880 64 3 79 3.334 23542.117 0 4 
nr 216ca68c0 64 3 79 10.002 23552.119 0 4 
nr 216ca6900 64 3 78 10.002 23562.121 2 4 
nr 216ca6940 64 3 78 8.335 23570.456 2 4 
nw ccb55800 64 3 7a 1.667 23572.123 0 1 
nr 09644800 64 3 7a 168.367 23740.49 0 1 
nr 0e94ba40 64 3 7a 826.832 24567.322 1 1 
nr 7dd77640 64 3 7a 323.398 24890.72 1 1 
nr 216ca8300 64 3 78 123.358 25014.078 3 4 
nr 216ca8340 64 3 78 3.334 25017.412 3 4 
nr 216ca6980 64 3 78 161.699 25179.111 2 4 
nr 216ca69c0 64 3 78 10.002 25189.113 2 4 
nr 216ca6a00 64 3 79 23.338 25212.451 1 4 
wr 216ca5fd0 64 3 78 818.497 26030.948 3 4 
nr 216ca6000 64 3 79 10.002 26040.95 0 4 
nr 21b6a7a80 64 3 7c 835.167 26876.117 1 1 
nr 2101d6c80 64 3 79 358.405 27234.522 0 4 
nr 2101d6d00 64 3 78 28.339 27262.861 2 4 
nr 2101d6d40 64 3 78 3.334 27266.195 2 4 
nr 210273000 64 3 79 136.694 27402.889 0 4 
nr 210273040 64 3 79 10.002 27412.891 0 4 
nr 210273080 64 3 79 10.002 27422.893 0 4 
nr 2102730c0 64 3 79 8.335 27431.228 0 4 
nr 7a815140 64 3 7a 51.677 27482.905 2 1 
wr 20ab86810 64 3 79 16.67 27499.575 0 4 
nr 20ab86880 64 3 79 55.011 27554.586 0 4 
nw 3bc93000 64 3 79 203.374 27757.96 0 4 
nw 3bc96900 64 3 78 73.348 27831.308 2 4 
nr 20ab86a00 64 3 79 85.017 27916.325 1 4 
nr 20ab86a40 64 3 79 46.676 27963.001 1 4 
nr 20ab86a80 64 3 79 106.688 28069.689 1 4 
nr 20ab86ac0 64 3 79 10.002 28079.691 1 4 
nr 20ab86b00 64 3 78 23.338 28103.029 3 4 
nr 20ab86b40 64 3 78 3.334 28106.363 3 4 
nr 20ab86b80 64 3 78 3.334 28109.697 3 4 
nr 20ab86bc0 64 3 78 10.002 28119.699 3 4 
nr 20ab86c00 64 3 79 196.706 28316.405 0 4 
nw 73a06b00 64 3 78 140.028 28456.433 3 4 
nw ccb33000 64 3 7a 405.081 28861.514 0 1 
nw ccb33040 64 3 7a 16.67 28878.184 0 1 
nw ccb33080 64 3 7c 33.34 28911.524 0 1 
nw ccb33200 64 3 7a 11.669 28923.193 1 1 
nw ccb330c0 64 3 7c 5.001 28928.194 0 1 
nw ccb33240 64 3 7a 11.669 28939.863 1 1 
nw ccb33280 64 3 7c 21.671 28961.534 1 1 
nw ccb332c0 64 3 7c 16.67 28978.204 1 1 
nr 210273100 64 3 78 171.701 29149.905 2 4 
nr 210273140 64 3 78 23.338 29173.243 2 4 
nr 210273180 64 3 78 8.335 29181.578 2 4 
nr 2102731c0 64 3 78 8.335 29189.913 2 4 
nr 210273200 64 3 79 21.671 29211.584 1 4 
nr 210273240 64 3 79 3.334 29214.918 1 4 
nr 210273280 64 3 79 5.001 29219.919 1 4 
nr 21b6a5a40 64 3 7a 155.031 29374.95 1 1 
nw 4a613100 64 3 78 253.384 29628.334 2 4 
nw 3bcd3140 64 3 78 26.672 29655.006 2 4 
nr 746efa00 64 3 7a 263.386 29918.392 1 1 
nr 746ef940 64 3 7a 3.334 29921.726 2 1 
nr 7dd85340 64 3 7a 471.761 30393.487 3 1 
nr 7dd85300 64 3 7a 3.334 30396.821 3 1 
nr 7dc135c0 64 3 7c 278.389 30675.21 2 1 
nr 7dd7d5c0 64 3 7c 125.025 30800.235 2 1 
nr 0e95f000 64 3 7a 780.156 31580.391 0 1 
nr 7dd85840 64 3 7a 480.096 32060.487 0 1 
nr 0e95f500 64 3 7a 31.673 32092.16 2 1 
nr 0e95f540 64 3 7a 25.005 32117.165 2 1 
nr 7d968780 64 3 7c 801.827 32918.992 3 1 
nr 7dd7e0c0 64 3 7c 123.358 33042.35 0 1 
nr 7dd7e140 64 3 7a 13.336 33055.686 2 1 
nw ccb21000 64 3 7a 6.668 33062.354 0 1 
nr 7dd7e100 64 3 7a 13.336 33075.69 2 1 
nw ccb21040 64 3 7a 36.674 33112.364 0 1 
nw ccb21080 64 3 7c 16.67 33129.034 0 1 
nw ccb210c0 64 3 7c 16.67 33145.704 0 1 
nw ccb21200 64 3 7a 16.67 33162.374 1 1 
nw ccb21240 64 3 7a 16.67 33179.044 1 1 
nw ccb21280 64 3 7c 11.669 33190.713 1 1 
nw ccb212c0 64 3 7c 16.67 33207.383 1 1 
nw accf1f00 64 3 7a 1100.22 34307.603 3 1 
nw accf1f40 64 3 7a 33.34 34340.943 3 1 
nw accf1f80 64 3 7c 33.34 34374.283 3 1 
nw accf1fc0 64 3 7c 30.006 34404.289 3 1 
nw accf1e00 64 3 7a 36.674 34440.963 1 1 
nw accf1e40 64 3 7a 38.341 34479.304 1 1 
nw accf1d00 64 3 7a 33.34 34512.644 2 1 
nw accf1d40 64 3 7a 33.34 34545.984 2 1 